0.05389565974473953
0.06425439566373825
0.054953683167696
0.04515450820326805
0.09317498654127121
0.11383677273988724
0.388222336769104
0.45198720693588257
0.17837710678577423
0.08933459222316742
0.1942775696516037
0.09223631769418716
0.38366591930389404
0.40695542097091675
0.16805510222911835
0.546333909034729
0.7218855619430542
0.12420584261417389
0.2047218531370163
0.20862402021884918
0.38174208998680115
0.4229574203491211
0.37190762162208557
0.5001013875007629
0.4531119465827942
0.23833774030208588
0.508246123790741
0.44784992933273315
0.2741890847682953
0.14151564240455627
0.2407585084438324
0.17898151278495789
0.20970283448696136
0.5737253427505493
0.19043253362178802
0.5367266535758972
0.5221868753433228
0.14526498317718506
0.3566063642501831
0.4030376076698303
0.48755577206611633
0.4989258050918579
0.2808280289173126
0.5928629636764526
