0.21215519309043884
0.21209058165550232
0.2567945420742035
0.2590616047382355
0.2033807635307312
0.31845033168792725
0.9143555164337158
1.006062626838684
0.5148367881774902
0.23706628382205963
0.4472258687019348
0.30887874960899353
1.504420280456543
0.8990941047668457
0.5192126035690308
1.3020122051239014
1.4854332208633423
0.6314199566841125
0.9640977382659912
0.5679253339767456
0.9339473843574524
0.8431927561759949
1.1584382057189941
1.2132142782211304
0.9961299896240234
0.9010436534881592
1.0088355541229248
1.3245329856872559
1.1850841045379639
0.6649438738822937
0.43762242794036865
0.8349581956863403
0.7840557098388672
1.07419753074646
0.9355694651603699
1.1990588903427124
0.5975452661514282
0.5419090390205383
0.7501406669616699
0.902426540851593
0.9849509596824646
0.7657575607299805
0.8225928544998169
1.1738065481185913
