0.15728425979614258
0.173696830868721
0.11487913876771927
0.11022420227527618
0.1989337056875229
0.35031044483184814
0.6672102212905884
0.5567560791969299
0.3279505670070648
0.1711048036813736
0.2068224549293518
0.18335206806659698
0.44455403089523315
0.696325421333313
0.18557079136371613
0.9992102980613708
1.40255868434906
0.2743976414203644
0.3760530352592468
0.20617897808551788
0.6512880921363831
0.7836706042289734
0.586902379989624
1.0231454372406006
0.5579323768615723
0.43987274169921875
0.4454193115234375
0.6498027443885803
0.6256108283996582
0.32857125997543335
0.36938533186912537
0.27951914072036743
0.3551556169986725
0.5310937166213989
0.3159765601158142
0.6647956967353821
0.6880534887313843
0.3176502585411072
0.4540599584579468
0.3664702773094177
0.4848273992538452
0.5023541450500488
0.26382601261138916
0.5733882784843445
