0.06812641769647598
0.05672040209174156
0.05702291429042816
0.060940150171518326
0.07677011936903
0.21727173030376434
0.3145579993724823
0.3066645860671997
0.29182931780815125
0.08763104677200317
0.17565995454788208
0.11113501340150833
0.2840186059474945
0.298743337392807
0.06767218559980392
0.42239731550216675
0.5987306833267212
0.0906299352645874
0.19205749034881592
0.12938947975635529
0.27215564250946045
0.2924787700176239
0.21313638985157013
0.3956088423728943
0.27407968044281006
0.14713887870311737
0.2106034904718399
0.3336789608001709
0.24705882370471954
0.16203437745571136
0.1354532241821289
0.2127102017402649
0.20590448379516602
0.3887122571468353
0.16429321467876434
0.39001405239105225
0.3440970480442047
0.13879619538784027
0.2094808667898178
0.22931963205337524
0.26364806294441223
0.21110738813877106
0.1518038809299469
0.3822604715824127
