0.17259033024311066
0.17458182573318481
0.1249438151717186
0.13473965227603912
0.17562426626682281
0.3287883400917053
0.5038599371910095
0.41895678639411926
0.2939314842224121
0.17587432265281677
0.19644413888454437
0.18967267870903015
0.35945838689804077
0.5086842179298401
0.20569300651550293
0.7892769575119019
1.0485399961471558
0.24204391241073608
0.3532361090183258
0.20998278260231018
0.500768780708313
0.6133062243461609
0.4589751660823822
0.7874358892440796
0.43651553988456726
0.36271363496780396
0.3805627226829529
0.5189300775527954
0.4711793065071106
0.2718808650970459
0.29626399278640747
0.24450825154781342
0.33944326639175415
0.44527241587638855
0.3006965219974518
0.5003579258918762
0.5226926803588867
0.2466166466474533
0.3677346408367157
0.3084387183189392
0.3973178565502167
0.4068581163883209
0.23640234768390656
0.45141443610191345
