0.03829265013337135
0.03739231079816818
0.04444851353764534
0.049483638256788254
0.04413732513785362
0.16638121008872986
0.13626518845558167
0.1018790751695633
0.11956175416707993
0.03577011451125145
0.05586777254939079
0.04914345219731331
0.1345824897289276
0.11483943462371826
0.08174923807382584
0.2164427787065506
0.301664263010025
0.07549481093883514
0.14301638305187225
0.07156913727521896
0.14729298651218414
0.15279892086982727
0.1407156139612198
0.2201109379529953
0.1409776657819748
0.09122055768966675
0.08625461906194687
0.18483205139636993
0.11036065965890884
0.07779382169246674
0.08019176125526428
0.0892116129398346
0.1783248633146286
0.16826333105564117
0.12217700481414795
0.13863365352153778
0.11273086816072464
0.06916417181491852
0.16369657218456268
0.20116059482097626
0.132843479514122
0.14824789762496948
0.11121046543121338
0.25620123744010925
