0.13268835842609406
0.12151822447776794
0.1609952449798584
0.14172834157943726
0.1625651866197586
0.27347126603126526
1.310027837753296
1.223961591720581
0.6384264230728149
0.18745937943458557
0.3799564242362976
0.18353566527366638
1.162316918373108
1.2750599384307861
0.35552188754081726
1.790790319442749
2.2081387042999268
0.3072854280471802
0.8470476865768433
0.3025466501712799
1.072231650352478
1.0683825016021729
1.337345004081726
1.7757164239883423
1.3235355615615845
0.5925717353820801
1.1798110008239746
1.2898730039596558
1.2079102993011475
0.4932861924171448
0.3362157940864563
0.6549628973007202
0.4380532205104828
1.198777437210083
0.3551636040210724
1.5826494693756104
0.5860319137573242
0.562938392162323
0.9214221835136414
1.0307332277297974
1.0548514127731323
0.8595407605171204
0.8044275641441345
1.3554388284683228
