0.07629524171352386
0.096279576420784
0.07878470420837402
0.06435655057430267
0.14586108922958374
0.1797761470079422
0.6305103302001953
0.6505345702171326
0.26069653034210205
0.14405985176563263
0.30706268548965454
0.14756034314632416
0.5460203289985657
0.6361523866653442
0.1990823596715927
0.7914137840270996
1.0342999696731567
0.1442735195159912
0.24559859931468964
0.30547472834587097
0.5729748606681824
0.6624154448509216
0.5651535987854004
0.6935381293296814
0.6929002404212952
0.33035051822662354
0.7450287938117981
0.6247479915618896
0.4090759754180908
0.20190830528736115
0.3901233375072479
0.2546406090259552
0.22137859463691711
0.8313726782798767
0.2416209876537323
0.7994011044502258
0.7600667476654053
0.18901973962783813
0.5175801515579224
0.529654324054718
0.7168397903442383
0.7168543934822083
0.38638728857040405
0.8108460903167725
