0.014349259
0.015547808
0.017986033
0.021190805
0.023287041
0.07349542
0.054628566
0.052504834
0.05639804
0.014331108
0.018530788
0.016120875
0.04065638
0.05554986
0.014584796
0.09386107
0.14443272
0.018447466
0.023263749
0.021956371
0.04611793
0.058645647
0.045285948
0.09517989
0.057310842
0.020032533
0.035787564
0.0451793
0.04093377
0.017839417
0.030743113
0.037633236
0.046349246
0.070041806
0.028939746
0.0593726
0.047816
0.025939975
0.09189116
0.11693852
0.056048226
0.07419465
0.03839076
0.12268645
