0.04568915441632271
0.042658913880586624
0.054551802575588226
0.06506240367889404
0.05895313620567322
0.23155416548252106
0.1882198005914688
0.13088345527648926
0.16405892372131348
0.04713555425405502
0.06525032967329025
0.05456560105085373
0.14844563603401184
0.15172412991523743
0.059131983667612076
0.2768687605857849
0.39786291122436523
0.0706612765789032
0.11955247819423676
0.06828198581933975
0.19349050521850586
0.21175795793533325
0.2013711780309677
0.2859404385089874
0.1758090853691101
0.07628897577524185
0.10478687286376953
0.17767402529716492
0.14858317375183105
0.08226564526557922
0.09936871379613876
0.11558699607849121
0.1560502052307129
0.2008069008588791
0.10820593684911728
0.18602466583251953
0.14148353040218353
0.0838710144162178
0.18928304314613342
0.24669237434864044
0.16057246923446655
0.19238793849945068
0.13392838835716248
0.322245329618454
