0.09931507706642151
0.10926543176174164
0.10956117510795593
0.11092924326658249
0.12717413902282715
0.25591784715652466
0.3043108582496643
0.4225465953350067
0.27826181054115295
0.1266312599182129
0.2020723521709442
0.16005387902259827
0.42222529649734497
0.24133509397506714
0.15933194756507874
0.4159430265426636
0.5637587904930115
0.17535251379013062
0.2506686747074127
0.25153857469558716
0.3011339604854584
0.31873801350593567
0.35504812002182007
0.46710240840911865
0.3100050985813141
0.22061459720134735
0.23157070577144623
0.33924490213394165
0.26490145921707153
0.20330274105072021
0.18406590819358826
0.23452456295490265
0.2837619185447693
0.3528938889503479
0.2563788890838623
0.37885358929634094
0.28249624371528625
0.152810737490654
0.28719362616539
0.2785576283931732
0.32161954045295715
0.2955678701400757
0.24704097211360931
0.4280746579170227
