0.020101774
0.022804163
0.034287564
0.032175675
0.05433011
0.105458245
0.07739545
0.17883736
0.12886904
0.022379614
0.044988886
0.028771402
0.107057065
0.06224165
0.03632293
0.19268648
0.29146028
0.042803783
0.06975187
0.036640167
0.062985465
0.099288836
0.060405213
0.18824457
0.055721134
0.04995149
0.046876863
0.096959315
0.080421865
0.05688496
0.042057134
0.05295421
0.094208956
0.17298596
0.045257065
0.07565666
0.07089849
0.04308375
0.20280266
0.12323759
0.17662019
0.14546567
0.042810477
0.3578569
