0.05860738828778267
0.053994469344615936
0.05368717387318611
0.05607084557414055
0.06564491987228394
0.16263368725776672
0.2229621410369873
0.24889369308948517
0.20507404208183289
0.06304015219211578
0.1432826817035675
0.09450648725032806
0.26416197419166565
0.2161789983510971
0.09927308559417725
0.30500924587249756
0.39049938321113586
0.10559552162885666
0.2055101841688156
0.13683514297008514
0.20176398754119873
0.21339990198612213
0.1679203063249588
0.2798084318637848
0.20652970671653748
0.16079066693782806
0.1686992645263672
0.28913289308547974
0.18871740996837616
0.13781990110874176
0.11185456067323685
0.1879514902830124
0.22518199682235718
0.31251728534698486
0.1790713667869568
0.2921615242958069
0.25640180706977844
0.11642065644264221
0.18035468459129333
0.20703023672103882
0.20322047173976898
0.17876803874969482
0.1376974731683731
0.2904304563999176
