0.18748538196086884
0.19483248889446259
0.21314434707164764
0.22285589575767517
0.18336108326911926
0.2938491404056549
0.31381380558013916
0.4357168972492218
0.29713180661201477
0.1989912986755371
0.31098735332489014
0.27748191356658936
0.9330734610557556
0.2696828842163086
0.29539981484413147
0.43056410551071167
0.4832835793495178
0.400680273771286
0.4299827218055725
0.45093244314193726
0.39386603236198425
0.3584214448928833
0.49277999997138977
0.46890366077423096
0.3389768600463867
0.47708168625831604
0.3555837571620941
0.5556401014328003
0.44448918104171753
0.37562495470046997
0.2821807265281677
0.42586401104927063
0.48993945121765137
0.44019055366516113
0.6016826033592224
0.41213396191596985
0.37023040652275085
0.22841832041740417
0.3414190709590912
0.3629249036312103
0.421599805355072
0.35880544781684875
0.3740115463733673
0.4501116871833801
